1694296150
1694296364
1694300955
1694301049
1694372393
1694372849
1694375240
1694378243
1694436087
1694628165
1694671362
1694714566
1694758913
1694802109
1694845313
1694888497
1694931707
1694974910
1695010917
1695054089
1695097261
1695140507
1695183700
1695226915
1695270068
1695313299
1695356498
1695399711
1695442905
1695486101
1695529312
1695572494
1695615713
1695658907
1695702113
1695745311
1695788496
1695831704
1695874863
1695918119
1695961299
1695996265
1696004500
1696047700
1696090890
1696134097
1696177302
1696220505
1696263696
1696306845
1696350103
1696393299
1696436504
1696479678
1696522921
1696566107
1696609309
1696652503
1696694563
1696738910
1696782105
1696825294
1696868514
1696911672
1696954911
1696998096
1697041305
1697084466
1697127682
1697170907
1697214118
1697257284
1697300524
1697343723
1697386920
1697430110
1697473307
1697516447
1697559725
1697602902
1697646103
1697689252
1697732493
1697775717
1697818903
1697861149
1697905311
1697948523
1697991724
1698034916
1698078098
1698121266
1698164482
1698207684
1698250902
1698294060
1698337294
1698380484
1698422561
1698467142
1698494039
1698510081
1698553278
1698596495
1698639696
1698682879
1698726063
1698769302
1698812490
1698855678
1698872842
1698898847
1698942087
1698985281
1699028474
1699071673
1699114880
1699158093
1699201295
1699244481
1699287676
1699330869
1699374079
1699417298
1699460501
1699503649
1699546882
1699590083
1699633292
1699676485
1699719695
1699762886
1699806091
1699849302
1699892490
1699935659
1699978862
1700022084
1700065299
1700108452
1700151683
1700194888
1700238117
1700281280
1700324470
1700367694
1700410890
1700454080
1700497302
1700540452
1700583685
1702579168
1702585540
1702676402
1702854389
1702896659
1702898824
1702899374
1702899619
1702902458
1702903621
1702904254
1702906836
1702907353
1702912436
1702913373
1702914502
1702918765
1702922113
1702922356
1702923037
1702923641
1702927969
1702928932
1702930095
1702931418
1702974739
1702976735
1702984651
1703090491
1703132273
1703175510
1703218696
1703261913
1703305117
1703348319
1703391430
1703434728
1703477934
1703521125
1703564278
1703607521
1703650700
1703693910
1703737092
1703780348
1703823496
1703866737
1703909903
1703953135
1703996329
1704039515
1704082705
1704125108
1704169089
1704212310
1704255511
1704298710
1704341786
1704385135
1704428301
1704471523
1704514702
1704557857
1704601120
1704644331
1704687528
1704730726
1704773867
1704817129
1704860304
1704903528
1704946660
1704989929
1705033120
1705076323
1705119505
1705162736
1705205835
1705249037
1705292307
1705335530
1705378690
1705421913
1705465113
1705508321
1705551514
1705594738
1705637946
1705681129
1705724295
1705767534
1705810720
1705853937
1705897136
1705940350
1705983501
1706026730
1706069894
1706113136
1706156323
1706199534
1706242713
1706374651
1706415530
1706458750
1706501919
1706545165
1706588330
1706631541
1706674730
1706717941
1706761127
1706804362
1706847515
1706890751
1706933921
1706977159
1707020326
1707063549
1707106710
1707149954
1707193086
1707236331
1707279520
1707322753
1707365884
1707409131
1707452329
1707495540
1707538721
1707581945
1707625117
1707668257
1707711510
1707754721
1707797877
1707841116
1707884333
1707927533
1707970686
1708013955
1708057123
1708100338
1708143527
1708186751
1708229942
1708273101
1708316339
1708359547
1708402717
1708445956
1708489115
1708532254
1708575519
1708618749
1708661867
1708705138
1708748340
1708791539
1708834716
1708877924
1708921122
1708964342
1709007481
1709050661
1709093923
1709137146
1709180284
1709223537
1709266723
1709309914
1709353124
1709396341
1709439516
1709482749
1709525910
1709569162
1709612286
1709655530
1709698716
1709741936
1709785082
1709828337
1709871511
1709914729
1709957924
1710001132
1710044297
1710087524
1710130731
1710173931
1710217057
1710260338
1710303522
1710346737
1710389861
1710433133
1710476322
1710519445
1710562718
1710605936
1710649111
1710692325
1710735512
1710778737
1710821870
1710865148
1710908313
1710951540
1710994695
1711037937
1711081120
1711124269
1711167520
1711210751
1711253920
1711297128
1711340309
1711383534
1711426659
1711469931
1711513132
1711556335
1711599485
1711642734
1711685917
1711729140
1711772344
1711815530
1711858737
1711901942
1712069427
1712070699
1712345170
1712438927
1712549860
1712585793
1712636135
1712672201
1712722574
1712758580
1712808929
1712845139
1712895419
1712931355
1712981754
1713017754
1713068127
1713104168
1713154531
1713190558
1713240927
1713276952
1713327343
1713363335
1713413709
1713449744
1713500145
1713536145
1713586547
1713622559
1713672966
1713708972
1713759424
1713795367
1713845737
1713881556
1713932351
1713968459
1714018769
1714191550
1714227676
1714277951
1714314051
1714364364
1714400462
1714450766
1714486889
1714537174
1714573277
1714623580
1714659667
1714709980
1714746077
1714796372
1714832475
1714882765
1714918881
1714969155
1715005309
1715055564
1715091677
1715141976
1715178048
1715228371
1715264485
1715314769
1715350862
1715401172
1715437255
1715487569
1715523676
1715573987
1715610092
1715660386
1715696493
1715746780
1715782897
1715833182
1715869317
1715919604
1715955694
1716005979
1716042087
1716092404
1716128487
1716178790
1716214888
1716265198
1716301292
1716351592
1716387714
1716437963
1716474087
1716524381
1716560454
1716610773
1716646866
1716697142
1716733247
1716783742
1716819644
1716869958
1716906032
1716956329
1716992450
1717042740
1717078841
1717129135
1717165009
1717215720
1717251405
1717301805
1717337832
1717388197
1717424209
1717474592
1717510620
1717560982
1717597023
1717647394
1717683443
1717733825
1717769845
1717820232
1717856245
1717906629
1717942662
1717993022
1718029048
1718079421
1718115468
1718165820
1718201858
1718252258
1718288239
1718338623
1718374645
1718425034
1718461044
1718511416
1718547440
1718597809
1718633855
1718684238
1718720242
1718770620
1718806635
1718857019
1718892412
1718900235
1718943393
1718979427
1719029790
1719065844
1719116285
1719152231
1719202611
1719238634
1719289009
1719325037
1719375425
1719411433
1719461813
1719497833
1719548210
1719584235
1719807541
1719843586
1719893940
1719929949
